[gd_scene load_steps=3 format=3 uid="uid://dqotff5papvmr"]

[ext_resource type="PackedScene" uid="uid://bj0lnxfircysb" path="res://art/akyuu model/akyuu 3d 4.glb" id="1"]
[ext_resource type="Script" path="res://addons/jigglebones/jigglebone.gd" id="2"]

[node name="akyuu 3d 4" instance=ExtResource("1")]

[node name="Skeleton3D" parent="Armature" index="0"]
bones/5/position = Vector3(0.000474975, 0.099475, 0.000474975)
bones/16/scale = Vector3(1, 1, 1)
bones/24/rotation = Quaternion(-0.477883, 0.0808604, -0.0290169, 0.874213)
bones/25/rotation = Quaternion(0.0967799, -0.049068, 0.00158765, 0.994094)
bones/26/rotation = Quaternion(-0.0321442, 0.0225293, -0.0302975, 0.99877)
bones/31/position = Vector3(-0.00645951, 0.291652, -0.0970739)
bones/31/rotation = Quaternion(-0.107841, 0.710891, -0.148861, 0.678855)
bones/33/position = Vector3(0.00209572, 0.34635, -0.100632)
bones/33/rotation = Quaternion(-0.0808861, 0.631584, -0.196641, 0.745581)
bones/36/rotation = Quaternion(0.0967799, 0.049068, -0.00158764, 0.994094)
bones/42/position = Vector3(0.00645952, 0.291652, -0.0970738)
bones/42/rotation = Quaternion(-0.107841, -0.710891, 0.148861, 0.678855)
bones/44/position = Vector3(-0.00209572, 0.34635, -0.100632)
bones/44/rotation = Quaternion(-0.0808861, -0.631584, 0.196641, 0.745581)
bones/47/rotation = Quaternion(-0.659508, -0.229523, -0.235974, 0.675785)

[node name="_ClothesDummy" parent="Armature/Skeleton3D" index="3"]
visible = false

[node name="Jigglebone" type="Node3D" parent="Armature/Skeleton3D" index="9"]
transform = Transform3D(-0.783657, -0.201837, -0.58749, 0.318342, -0.942601, -0.1008, -0.533424, -0.266015, 0.802929, -0.304704, 0.85385, -0.449373)
top_level = true
script = ExtResource("2")
bone_name = "HairFront_L"
stiffness = 0.1
damping = 0.1
forward_axis = 1

[node name="Jigglebone2" type="Node3D" parent="Armature/Skeleton3D" index="10"]
transform = Transform3D(-0.783136, 0.202902, 0.587817, -0.319752, -0.942125, -0.100797, 0.533345, -0.266893, 0.802691, 0.303986, 0.854203, -0.449396)
top_level = true
script = ExtResource("2")
bone_name = "HairFront_R"
stiffness = 0.1
damping = 0.1
forward_axis = 1

[node name="Jigglebone3" type="Node3D" parent="Armature/Skeleton3D" index="11"]
transform = Transform3D(-0.797475, -0.188083, 0.573287, -0.0450802, -0.92894, -0.367475, 0.601665, -0.318896, 0.732328, 0.0423243, 0.637116, -0.371788)
top_level = true
script = ExtResource("2")
bone_name = "HairFrontSide_R"
stiffness = 0.1
damping = 0.1
forward_axis = 1

[node name="Jigglebone4" type="Node3D" parent="Armature/Skeleton3D" index="12"]
transform = Transform3D(-0.79753, 0.189231, -0.572833, 0.0439679, -0.928774, -0.368029, -0.601675, -0.3187, 0.732405, -0.0427811, 0.637067, -0.371785)
top_level = true
script = ExtResource("2")
bone_name = "HairFrontSide_L"
stiffness = 0.1
damping = 0.1
forward_axis = 1

[node name="Jigglebone5" type="Node3D" parent="Armature/Skeleton3D" index="13"]
transform = Transform3D(-0.803951, 0.0169038, -0.594457, 0.104323, -0.980086, -0.168959, -0.585474, -0.19785, 0.78618, -0.214221, 0.583129, -0.0312601)
top_level = true
script = ExtResource("2")
bone_name = "HairBackSide_L"
stiffness = 0.1
damping = 0.1
forward_axis = 1

[node name="Jigglebone6" type="Node3D" parent="Armature/Skeleton3D" index="14"]
transform = Transform3D(-0.803795, -0.0156746, 0.594702, -0.10534, -0.980107, -0.16821, 0.585506, -0.197851, 0.786156, 0.213855, 0.583378, -0.0312773)
top_level = true
script = ExtResource("2")
bone_name = "HairBackSide_R"
stiffness = 0.1
damping = 0.1
forward_axis = 1

[node name="Jigglebone7" type="Node3D" parent="Armature/Skeleton3D" index="15"]
transform = Transform3D(-0.803795, -0.0156852, 0.594703, -0.105319, -0.980111, -0.1682, 0.58551, -0.19783, 0.78616, 0.0856443, 0.566292, 0.0989986)
top_level = true
script = ExtResource("2")
bone_name = "HairBack_R"
stiffness = 0.1
damping = 0.1
forward_axis = 1

[node name="Jigglebone8" type="Node3D" parent="Armature/Skeleton3D" index="16"]
transform = Transform3D(-0.803951, 0.0169021, -0.594458, 0.104338, -0.980082, -0.168976, -0.58547, -0.197872, 0.786179, -0.0859803, 0.566193, 0.0990053)
top_level = true
script = ExtResource("2")
bone_name = "HairBack_L"
stiffness = 0.1
damping = 0.1
forward_axis = 1

[node name="Jigglebone9" type="Node3D" parent="Armature/Skeleton3D" index="17"]
transform = Transform3D(-0.21846, 0.147619, -0.964616, 0.0177542, -0.987727, -0.155177, -0.975684, -0.0510259, 0.213158, -0.319431, -0.189604, 0.0240391)
top_level = true
script = ExtResource("2")
bone_name = "SleeveLong1_L"
stiffness = 0.1
damping = 0.1
use_gravity = true
forward_axis = 1

[node name="Jigglebone10" type="Node3D" parent="Armature/Skeleton3D" index="18"]
transform = Transform3D(-0.122499, -0.0220725, -0.992223, 0.0135356, -0.999697, 0.0205676, -0.992376, -0.0109108, 0.12276, -0.289108, -0.354184, -0.00379131)
top_level = true
script = ExtResource("2")
bone_name = "SleeveLong2_L"
stiffness = 0.1
damping = 0.1
use_gravity = true
forward_axis = 1

[node name="Jigglebone11" type="Node3D" parent="Armature/Skeleton3D" index="19"]
transform = Transform3D(-0.0750692, -0.275659, -0.958319, -0.011777, -0.960719, 0.277272, -0.997108, 0.0321007, 0.0688739, -0.191595, -0.0528342, 0.0271387)
top_level = true
script = ExtResource("2")
bone_name = "SleeveShort_L"
stiffness = 0.1
damping = 0.1
use_gravity = true
forward_axis = 1

[node name="Jigglebone12" type="Node3D" parent="Armature/Skeleton3D" index="20"]
transform = Transform3D(-0.380565, -0.320843, 0.867311, -0.266939, -0.859845, -0.435211, 0.885388, -0.397146, 0.241582, 0.318805, -0.189233, 0.0240135)
top_level = true
script = ExtResource("2")
bone_name = "SleeveLong1_R"
stiffness = 0.1
damping = 0.1
use_gravity = true
forward_axis = 1

[node name="Jigglebone13" type="Node3D" parent="Armature/Skeleton3D" index="21"]
transform = Transform3D(0.601645, -0.710329, 0.365315, -0.358796, -0.648945, -0.670921, 0.713645, 0.272582, -0.645298, 0.263214, -0.325119, -0.0609394)
top_level = true
script = ExtResource("2")
bone_name = "SleeveLong2_R"
stiffness = 0.1
damping = 0.1
use_gravity = true
forward_axis = 1

[node name="Jigglebone14" type="Node3D" parent="Armature/Skeleton3D" index="22"]
transform = Transform3D(0.905271, -0.396879, 0.151559, -0.411561, -0.907759, 0.0811794, 0.105361, -0.135865, -0.985108, 0.19081, -0.0526119, 0.0271234)
top_level = true
script = ExtResource("2")
bone_name = "SleeveShort_R"
stiffness = 0.1
damping = 0.1
use_gravity = true
forward_axis = 1
