[gd_scene load_steps=3 format=2]

[ext_resource path="res://art/akyuu model/akyuu 3d 4.glb" type="PackedScene" id=1]
[ext_resource path="res://addons/jigglebones/jigglebone.gd" type="Script" id=2]

[node name="akyuu 3d 4" instance=ExtResource( 1 )]
transform = Transform3D( 1, 0, 0, 0, 1, 0, 0, 0, 1, 0, 0, 0.0373101 )

[node name="_ClothesDummy" parent="Armature/Skeleton3D" index="3"]
visible = false

[node name="Jigglebone" type="Node3D" parent="Armature/Skeleton3D" index="9"]
transform = Transform3D( 0.996157, 0.0867665, 5.50991e-08, 0.0867696, -0.996122, 0.000262897, 2.28693e-05, -0.000261907, -0.99987, -0.404556, 1.22195, 1.03693 )
script = ExtResource( 2 )
bone_name = "SleeveShort_L"
stiffness = 0.1
use_gravity = true
gravity = Vector3( 0, 0, 10 )

[node name="Jigglebone2" type="Node3D" parent="Armature/Skeleton3D" index="10"]
transform = Transform3D( 0.999666, 0.0184129, -9.34303e-08, 0.0184124, -0.999696, 0.000296117, 5.35945e-06, -0.000296064, -0.999883, -0.607673, 1.21357, 1.03693 )
script = ExtResource( 2 )
bone_name = "SleeveLong1_L"
stiffness = 0.1
use_gravity = true
gravity = Vector3( 0, 0, 10 )

[node name="Jigglebone3" type="Node3D" parent="Armature/Skeleton3D" index="11"]
transform = Transform3D( 0.999106, 0.0394796, 6.27366e-08, 0.0394794, -0.99911, 0.000295757, 1.17404e-05, -0.000295527, -0.999878, -0.602638, 1.01045, 1.03693 )
script = ExtResource( 2 )
bone_name = "SleeveLong2_L"
stiffness = 0.1
use_gravity = true
gravity = Vector3( 0, 0, 10 )

[node name="Jigglebone4" type="Node3D" parent="Armature/Skeleton3D" index="12"]
transform = Transform3D( 0.736144, -0.676723, -4.87888e-08, -0.67674, -0.736126, -0.000559611, 0.000378705, 0.000412009, -0.999921, 0.404556, 1.22196, 1.03693 )
script = ExtResource( 2 )
bone_name = "SleeveShort_R"
stiffness = 0.1
use_gravity = true
gravity = Vector3( 0, 0, 10 )

[node name="Jigglebone5" type="Node3D" parent="Armature/Skeleton3D" index="13"]
transform = Transform3D( 0.9996, -0.0245088, 2.01801e-08, -0.0245077, -0.999642, -0.000562387, 1.38038e-05, 0.000562218, -0.999942, 0.607673, 1.21357, 1.03693 )
script = ExtResource( 2 )
bone_name = "SleeveLong1_R"
stiffness = 0.1
use_gravity = true
gravity = Vector3( 0, 0, 10 )

[node name="Jigglebone6" type="Node3D" parent="Armature/Skeleton3D" index="14"]
transform = Transform3D( 0.999161, -0.0387863, -3.60128e-08, -0.0387868, -0.999149, -0.000563029, 2.1804e-05, 0.0005626, -0.999912, 0.602577, 1.01045, 1.03691 )
script = ExtResource( 2 )
bone_name = "SleeveLong2_R"
stiffness = 0.1
use_gravity = true
gravity = Vector3( 0, 0, 10 )
