[gd_scene load_steps=3 format=3 uid="uid://4a6smlao72yr"]

[ext_resource type="PackedScene" uid="uid://bj0lnxfircysb" path="res://art/akyuu model/akyuu 3d 4.glb" id="1_52sr7"]
[ext_resource type="Script" path="res://addons/jigglebones/jigglebone.gd" id="2_5yb50"]

[node name="akyuu 3d 5" instance=ExtResource("1_52sr7")]

[node name="Skeleton3D" parent="Armature" index="0"]
bones/0/rotation = Quaternion(0.0208133, 1.09056e-05, 0.000198889, 0.999783)
bones/1/rotation = Quaternion(-0.212534, 1.97014e-06, 6.12432e-05, 0.977154)
bones/2/rotation = Quaternion(0.179771, -5.65801e-06, 3.10249e-05, 0.983708)
bones/3/rotation = Quaternion(0.201231, -0.0579571, 0.0184195, 0.977654)
bones/4/rotation = Quaternion(-0.227126, 8.34359e-13, -4.27766e-13, 0.973865)
bones/5/rotation = Quaternion(0.00525657, 0.0607663, 0.00189872, 0.998136)
bones/31/rotation = Quaternion(-0.667839, 0.454136, 0.473933, 0.350912)
bones/32/rotation = Quaternion(-0.477883, 0.0808604, -0.0290169, 0.874213)
bones/33/rotation = Quaternion(0.0967799, -0.049068, 0.00158765, 0.994094)
bones/34/rotation = Quaternion(-0.0321442, 0.0225293, -0.0302975, 0.99877)
bones/36/rotation = Quaternion(-0.299037, 0.00733324, 0.00661388, 0.954191)
bones/38/rotation = Quaternion(0.136119, 0.0169246, 0.826904, 0.545358)
bones/39/position = Vector3(-0.00645948, 0.291652, -0.097074)
bones/39/rotation = Quaternion(-0.107841, 0.710891, -0.148861, 0.678855)
bones/40/position = Vector3(0.0090913, 0.326474, 0.0228566)
bones/40/rotation = Quaternion(-0.0818109, 0.681295, -0.212905, 0.695568)
bones/41/position = Vector3(0.00209572, 0.34635, -0.100632)
bones/41/rotation = Quaternion(-0.0808861, 0.631584, -0.196641, 0.745581)
bones/42/rotation = Quaternion(-0.477883, -0.0808604, 0.0290169, 0.874213)
bones/43/rotation = Quaternion(0.0967799, 0.049068, -0.00158764, 0.994094)
bones/44/rotation = Quaternion(-0.0321441, -0.0225293, 0.0302975, 0.99877)
bones/45/rotation = Quaternion(-0.0307102, -0.0226533, 0.0252973, 0.998951)
bones/46/rotation = Quaternion(-0.299037, -0.00733323, -0.00661389, 0.954191)
bones/47/rotation = Quaternion(-0.299037, -0.00733323, -0.00661389, 0.954191)
bones/48/rotation = Quaternion(0.136119, -0.0169246, -0.826904, 0.545358)
bones/49/rotation = Quaternion(0.136119, -0.0169246, -0.826904, 0.545358)
bones/50/position = Vector3(-0.00909129, 0.326474, 0.0228567)
bones/50/rotation = Quaternion(-0.0818109, -0.681295, 0.212905, 0.695568)
bones/52/position = Vector3(-0.00209568, 0.34635, -0.100632)
bones/52/rotation = Quaternion(-0.0808861, -0.631584, 0.196641, 0.745581)
bones/54/rotation = Quaternion(-0.654517, 0.230576, 0.231155, 0.681916)
bones/55/rotation = Quaternion(-0.652653, -0.230883, -0.229997, 0.683988)
bones/56/rotation = Quaternion(-0.199252, -0.0588423, 0.697418, 0.68589)
bones/57/rotation = Quaternion(-0.777839, 0.602509, 0.176625, 0.0274359)
bones/58/rotation = Quaternion(-0.0494233, -0.0700571, 0.0595341, 0.994538)
bones/59/rotation = Quaternion(0.69753, 0.0321823, -0.0509567, 0.714016)
bones/60/rotation = Quaternion(0.265846, -0.0285332, 0.097048, 0.958694)
bones/62/rotation = Quaternion(-0.110722, 0.216422, -0.635594, 0.73275)
bones/63/rotation = Quaternion(-0.782693, -0.600066, -0.0679262, 0.150659)
bones/64/rotation = Quaternion(0.0479021, 0.0635277, -0.0516389, 0.995491)
bones/65/rotation = Quaternion(0.742626, -0.030038, 0.0537088, 0.666873)
bones/66/rotation = Quaternion(1.86265e-09, -1.26693e-08, 6.61239e-08, 1)

[node name="_ClothesDummy" parent="Armature/Skeleton3D" index="3"]
visible = false

[node name="Jigglebone" type="Node3D" parent="Armature/Skeleton3D" index="9"]
transform = Transform3D(0.999962, 0.00632626, -0.00603285, 0.00731526, -0.983401, 0.181294, -0.00478582, -0.181331, -0.983408, -0.106292, 0.792248, -0.382388)
top_level = true
script = ExtResource("2_5yb50")
bone_name = "HairFront_L"
stiffness = 0.1
damping = 1.0
forward_axis = 1

[node name="Jigglebone15" type="Node3D" parent="Armature/Skeleton3D" index="10"]
transform = Transform3D(0.999233, -0.0237934, -0.0312134, -0.018357, -0.986263, 0.164156, -0.0346905, -0.163456, -0.985946, -0.313165, 0.727773, -0.17684)
top_level = true
script = ExtResource("2_5yb50")
bone_name = "Flower"
stiffness = 0.1
damping = 0.25
forward_axis = 1

[node name="Jigglebone2" type="Node3D" parent="Armature/Skeleton3D" index="11"]
transform = Transform3D(0.99989, 0.0148613, 8.97313e-05, 0.0145977, -0.98325, 0.181674, 0.00278815, -0.181653, -0.983356, 0.0942251, 0.794634, -0.383202)
top_level = true
script = ExtResource("2_5yb50")
bone_name = "HairFront_R"
stiffness = 0.1
damping = 1.0
forward_axis = 1

[node name="Jigglebone3" type="Node3D" parent="Armature/Skeleton3D" index="12"]
transform = Transform3D(0.961621, -0.216816, -0.16816, -0.183453, -0.963781, 0.193575, -0.204039, -0.155296, -0.966568, -0.0208267, 0.50481, -0.269392)
top_level = true
script = ExtResource("2_5yb50")
bone_name = "HairFrontSide_R"
stiffness = 0.1
damping = 0.1
forward_axis = 1

[node name="Jigglebone4" type="Node3D" parent="Armature/Skeleton3D" index="13"]
transform = Transform3D(0.964633, 0.206715, 0.163565, 0.174679, -0.965992, 0.19065, 0.197413, -0.155336, -0.967936, -0.0460802, 0.490209, -0.268709)
top_level = true
script = ExtResource("2_5yb50")
bone_name = "HairFrontSide_L"
stiffness = 0.1
damping = 0.1
forward_axis = 1

[node name="Jigglebone5" type="Node3D" parent="Armature/Skeleton3D" index="14"]
transform = Transform3D(0.986075, 0.131258, 0.102132, 0.116434, -0.983338, 0.139609, 0.118755, -0.125773, -0.98493, -0.120669, 0.494074, 0.0121175)
top_level = true
script = ExtResource("2_5yb50")
bone_name = "HairBackSide_L"
stiffness = 0.1
damping = 0.1
forward_axis = 1

[node name="Jigglebone6" type="Node3D" parent="Armature/Skeleton3D" index="15"]
transform = Transform3D(0.987378, -0.117781, -0.105908, -0.101531, -0.983829, 0.147557, -0.121574, -0.134941, -0.983372, 0.100403, 0.501287, -0.00689007)
top_level = true
script = ExtResource("2_5yb50")
bone_name = "HairBackSide_R"
stiffness = 0.1
damping = 0.1
forward_axis = 1

[node name="Jigglebone7" type="Node3D" parent="Armature/Skeleton3D" index="16"]
transform = Transform3D(0.988064, -0.130787, -0.0813881, -0.0817554, -0.893023, 0.442521, -0.130557, -0.430585, -0.893057, -0.0436252, 0.570713, -0.154351)
top_level = true
script = ExtResource("2_5yb50")
bone_name = "HairBack_R"
stiffness = 0.1
damping = 0.1
forward_axis = 1

[node name="Jigglebone8" type="Node3D" parent="Armature/Skeleton3D" index="17"]
transform = Transform3D(0.989419, 0.127212, 0.0697676, 0.0834241, -0.89224, 0.443787, 0.118704, -0.433271, -0.893412, -0.00739668, 0.566777, -0.159308)
top_level = true
script = ExtResource("2_5yb50")
bone_name = "HairBack_L"
stiffness = 0.1
damping = 0.1
forward_axis = 1

[node name="Jigglebone9" type="Node3D" parent="Armature/Skeleton3D" index="18"]
transform = Transform3D(1, 0, 0, 0, 1, 0, 0, 0, 1, 0.0160569, -0.999573, 0.0244096)
top_level = true
script = ExtResource("2_5yb50")
bone_name = "SleeveLong1_L"
stiffness = 0.1
damping = 0.2
use_gravity = true
forward_axis = 1

[node name="Jigglebone10" type="Node3D" parent="Armature/Skeleton3D" index="19"]
transform = Transform3D(1, 0, 0, 0, 1, 0, 0, 0, 1, 0.0156013, -0.999552, 0.0255305)
top_level = true
script = ExtResource("2_5yb50")
bone_name = "SleeveLong2_L"
stiffness = 0.1
damping = 0.2
use_gravity = true
forward_axis = 1

[node name="Jigglebone11" type="Node3D" parent="Armature/Skeleton3D" index="20"]
transform = Transform3D(0.905795, 0.119548, 0.4065, 0.0871272, -0.991421, 0.0974253, 0.41466, -0.0528302, -0.908441, -0.289525, -0.0579816, -0.0607688)
top_level = true
script = ExtResource("2_5yb50")
bone_name = "SleeveShort_L"
stiffness = 0.1
damping = 0.2
use_gravity = true
forward_axis = 1

[node name="Jigglebone12" type="Node3D" parent="Armature/Skeleton3D" index="21"]
transform = Transform3D(1, 0, 0, 0, 1, 0, 0, 0, 1, -0.0152416, -0.999755, -0.0160724)
top_level = true
script = ExtResource("2_5yb50")
bone_name = "SleeveLong1_R"
stiffness = 0.1
damping = 0.2
use_gravity = true
forward_axis = 1

[node name="Jigglebone13" type="Node3D" parent="Armature/Skeleton3D" index="22"]
transform = Transform3D(1, 0, 0, 0, 1, 0, 0, 0, 1, -0.0137428, -0.999707, -0.0199191)
top_level = true
script = ExtResource("2_5yb50")
bone_name = "SleeveLong2_R"
stiffness = 0.1
damping = 0.2
use_gravity = true
forward_axis = 1

[node name="Jigglebone14" type="Node3D" parent="Armature/Skeleton3D" index="23"]
transform = Transform3D(-0.589708, -0.806674, -0.0390054, 0.803473, -0.581112, -0.129382, 0.0817024, -0.107637, 0.990827, -0.222264, 0.952666, -0.0339223)
top_level = true
script = ExtResource("2_5yb50")
bone_name = "SleeveShort_R"
stiffness = 0.1
damping = 0.2
use_gravity = true
forward_axis = 1
